4 0
4 0
0 0
0 0
0 0
0 0
0 0
0 1
0 1
0 0
0 0
0 0
0 0
0 0
0 0
0 0
0 0
0 0
0 0
0 1
0 1
0 1
0 1
0 1
0 1
0 2
0 2
0 2
1 2
0 2
0 2
0 2
0 2
0 2
0 2
0 2
0 1
0 1
0 1
0 2
0 1
0 1
0 1
0 1
0 1
1 1
0 2
0 2
0 2
0 2
0 1
0 1
1 1
0 1
0 1
0 1
0 1
0 0
0 1
0 1
0 1
0 1
0 1
0 1
0 0
0 0
0 0
0 0
0 0
0 0
0 0
0 0
0 0
0 0
0 0
0 0
0 0
0 0
0 0
0 0
0 0
0 0
0 0
0 0
0 0
0 0
0 0
0 0
0 0
0 0
0 0
0 0
0 0
0 0
0 0
0 0
0 0
0 0
0 0
0 0
0 0
0 0
0 0
0 0
0 0
0 0
0 0
0 0
0 0
0 0
0 0
0 0
0 0
0 0
0 0
0 0
0 0
0 0
0 0
0 0
0 0
0 0
0 0
0 0
0 0
0 0
0 0
0 0
0 0
0 0
0 0
0 0
0 0
0 0
0 0
0 0
0 0
0 0
0 0
0 0
0 0
0 0
0 0
0 0
0 0
0 0
0 0
0 0
0 0
0 0
0 0
0 0
0 0
0 0
0 0
0 0
0 0
0 0
0 0
6 0
0 0
7 0
0 0
4 0
0 0
4 0
0 0
7 0
0 0
17 0
0 0
12 0
0 0
11 0
0 0
8 0
0 0
7 0
0 0
10 0
0 0
0 0
0 0
0 0
0 0
0 0
0 0
0 0
0 0
0 0
0 0
0 0
0 0
0 0
0 0
1 0
1 0
1 0
1 0
1 0
0 0
2 0
1 0
1 0
1 0
1 0
0 0
1 0
1 0
1 0
1 0
1 0
0 0
1 0
1 0
1 0
1 0
2 0
2 2
2 2
2 2
1 2
1 1
2 1
3 1
3 0
2 1
2 1
0 1
1 1
2 2
1 3
3 3
5 4
4 4
3 5
3 4
2 4
1 6
2 7
3 8
2 8
2 9
2 7
4 9
6 10
5 11
6 13
5 13
2 16
4 14
5 15
8 11
8 14
9 17
10 16
5 15
6 13
7 12
9 9
9 13
7 17
9 16
4 14
6 11
5 14
1 15
9 15
5 16
4 15
4 12
3 10
2 10
0 11
1 12
3 12
2 11
2 9
2 7
1 8
0 8
2 7
2 5
2 6
2 5
2 8
0 9
2 10
2 10
2 9
2 8
2 7
1 5
2 6
0 7
2 7
3 6
3 7
3 6
3 4
2 5
1 6
2 7
2 8
4 4
4 3
0 3
1 4
0 7
2 10
5 6
3 5
3 8
0 8
3 7
4 8
3 8
4 6
5 4
4 6
0 5
2 9
0 6
3 7
4 7
4 7
4 5
4 3
3 4
0 5
4 6
5 5
4 5
4 5
4 3
3 4
0 6
4 6
5 5
4 5
4 4
4 6
3 6
5 5
4 4
0 3
4 5
3 5
0 6
3 5
4 5
4 4
4 3
4 5
4 4
0 3
3 4
6 5
5 6
5 6
4 6
3 5
5 4
5 5
6 7
5 8
4 8
3 8
1 7
0 11
4 11
3 9
4 8
4 6
4 9
4 10
5 10
4 10
5 9
4 7
0 5
5 11
5 9
1 6
5 8
7 10
6 10
6 11
7 10
6 8
3 10
2 8
13 9
9 10
8 10
8 10
7 8
1 5
6 7
11 9
1 4
6 6
8 7
8 8
16 7
2 5
1 3
2 4
13 7
2 9
9 9
10 10
7 5
8 7
7 7
7 6
7 6
5 5
1 3
8 5
6 6
6 7
6 6
6 6
4 5
1 3
6 4
6 5
5 6
4 5
4 3
3 3
3 2
1 3
3 4
2 4
0 5
3 4
3 3
2 2
2 4
1 5
0 3
0 3
2 2
2 2
2 1
2 1
1 2
0 2
0 2
0 1
0 1
0 1
1 1
1 1
1 1
0 1
1 1
1 0
1 0
1 0
1 0
1 0
0 0
0 0
0 0
0 1
0 1
0 0
0 1
0 1
0 0
0 0
0 0
0 0
0 0
0 0
0 0
0 0
0 0
0 0
0 0
0 0
0 0
0 0
0 0
0 0
0 0
0 0
0 0
0 0
0 0
0 0
1 0
1 0
0 0
2 0
2 0
2 0
0 0
3 0
4 0
4 0
3 1
5 1
3 1
1 1
5 0
5 1
5 1
4 2
4 2
5 2
5 2
4 1
4 1
1 2
5 2
5 2
4 2
4 3
4 3
3 2
1 1
4 2
4 3
3 2
3 3
3 2
2 2
0 1
3 2
1 3
1 3
1 2
2 1
2 2
2 3
0 3
2 3
2 3
2 2
3 1
3 2
0 3
2 3
1 3
1 3
1 2
1 1
1 2
0 2
1 2
1 2
1 2
1 2
1 2
0 1
0 2
1 2
1 2
1 2
1 2
0 1
0 1
0 2
0 2
0 1
0 2
1 1
0 1
0 1
0 1
0 1
1 1
1 1
1 1
0 0
0 1
0 1
1 1
1 1
1 0
1 0
1 1
0 1
0 1
1 1
1 1
1 0
1 1
1 1
1 1
0 1
2 1
2 1
2 1
0 1
1 0
1 1
1 1
1 1
2 1
0 1
0 1
2 1
2 1
0 2
3 2
4 2
4 2
4 1
4 3
3 3
1 3
6 2
6 1
6 2
6 2
7 2
6 2
1 2
9 1
8 1
10 3
11 3
11 2
12 3
11 4
2 4
8 4
10 5
9 4
9 2
9 4
2 5
12 6
13 5
12 5
11 5
11 3
9 5
3 8
14 9
16 8
18 5
18 7
20 6
5 4
6 6
35 7
41 7
41 7
46 6
72 5
73 9
18 10
59 11
60 12
65 12
52 10
66 7
54 13
13 15
11 19
43 22
60 24
65 10
64 13
55 34
20 42
92 55
86 63
84 86
79 96
77 51
60 68
21 86
100 47
85 96
78 82
70 74
66 29
49 26
16 61
23 80
26 88
30 84
35 69
46 36
9 100
30 88
42 87
48 81
54 77
62 62
83 34
6 94
5 73
1 68
4 63
4 60
5 45
3 25
4 27
4 29
5 33
5 35
5 44
4 18
5 34
0 40
1 44
1 49
3 52
5 58
17 22
5 12
28 31
