0 0
0 0
0 0
0 0
0 0
0 0
0 0
0 0
0 0
0 1
0 1
0 1
0 2
0 2
0 2
1 2
1 2
0 2
0 2
0 2
0 2
0 2
0 2
0 2
0 2
0 2
0 2
0 2
0 2
0 2
0 2
0 2
0 2
0 2
0 2
0 2
0 2
0 2
0 2
0 2
0 1
0 1
0 1
0 1
0 1
0 1
0 1
0 1
0 1
0 1
0 1
0 1
0 1
0 1
0 1
0 0
0 0
0 0
0 0
0 0
0 0
0 0
0 0
0 0
0 0
0 0
0 0
0 0
0 0
0 0
0 0
0 0
0 0
0 0
0 0
0 0
0 0
0 0
0 0
0 0
0 0
0 0
0 0
0 0
0 0
0 0
0 0
0 0
0 0
0 0
0 0
0 0
0 0
0 0
0 0
0 0
0 0
0 0
0 0
0 0
0 0
0 0
0 0
0 0
0 0
0 0
0 0
0 0
0 0
0 0
0 0
0 0
0 0
0 0
0 0
0 0
0 0
0 0
0 0
0 0
0 0
0 0
0 0
0 0
0 0
0 0
0 0
0 0
0 0
0 0
0 0
0 0
0 0
0 0
0 0
0 0
0 0
0 0
0 0
0 0
0 0
0 0
0 0
0 0
0 0
0 0
1 0
1 0
3 0
3 0
3 0
3 0
3 0
3 0
3 0
3 0
6 0
6 0
7 0
7 0
8 0
8 0
6 0
6 0
5 0
5 0
5 0
5 0
3 0
3 0
2 0
2 0
0 0
0 0
0 0
0 0
0 0
0 0
0 0
0 0
0 0
0 0
0 0
1 0
1 0
1 0
1 0
1 0
1 0
1 0
1 0
1 0
1 0
2 0
1 0
1 0
1 0
1 0
1 0
1 0
1 0
1 0
1 0
1 0
1 0
2 1
2 1
2 1
2 2
2 2
2 2
2 2
2 2
3 1
3 1
3 1
2 1
2 1
2 2
2 2
3 3
3 4
4 4
4 5
4 5
4 6
3 6
3 7
3 7
2 9
3 9
3 10
4 10
4 11
5 12
6 13
6 15
6 16
6 17
6 17
7 17
7 17
9 17
9 18
9 17
9 17
9 17
10 16
9 16
10 16
9 16
9 16
8 17
7 18
7 17
6 17
6 17
6 17
6 17
6 16
4 15
3 14
3 13
3 13
2 13
2 12
3 12
2 11
2 10
2 9
2 8
2 8
3 8
3 8
2 9
2 10
2 10
2 11
2 11
2 10
2 9
2 9
2 8
2 8
2 8
3 8
3 8
3 7
3 7
3 7
3 7
3 7
3 7
3 6
3 6
2 6
2 6
3 7
3 7
3 8
3 9
4 9
4 8
4 9
4 9
4 9
5 8
4 8
4 8
3 7
3 8
3 8
3 8
4 8
4 7
5 7
4 6
4 6
4 6
4 6
4 6
5 6
5 6
4 6
4 6
4 6
4 6
4 6
5 7
5 7
5 7
5 6
4 6
4 6
4 6
3 6
3 6
3 6
4 6
4 6
4 6
5 6
4 5
4 5
5 5
5 6
5 6
5 6
6 7
6 6
6 7
6 7
6 7
6 8
6 8
5 9
4 10
4 11
3 11
3 11
3 11
4 11
5 11
5 10
5 11
5 11
5 11
5 10
5 10
5 10
4 10
4 9
5 10
6 11
7 11
7 11
8 12
7 12
6 12
8 11
8 11
8 11
9 12
10 11
9 11
8 10
9 10
7 9
7 8
7 8
9 8
11 8
9 8
9 8
8 7
9 7
8 7
6 8
8 9
9 9
10 10
9 10
10 9
10 8
9 7
7 7
7 7
7 6
7 6
7 6
7 7
8 7
6 7
6 6
6 6
6 6
5 6
5 5
6 5
5 5
4 4
4 4
4 4
3 4
3 4
3 5
3 5
3 5
3 5
3 4
2 4
2 4
2 4
2 3
2 3
2 2
2 2
2 2
1 2
1 2
1 2
0 2
1 1
1 1
1 1
1 1
1 1
1 1
1 1
1 1
1 1
1 1
1 0
1 1
1 1
0 1
0 1
0 1
0 1
0 1
0 1
0 0
0 0
0 0
0 0
0 0
0 0
0 0
0 0
0 0
0 0
0 0
0 0
0 0
0 0
1 0
0 0
0 0
0 0
0 0
0 0
0 0
1 0
1 0
1 0
1 0
2 0
2 0
2 0
3 0
3 0
4 0
4 0
5 1
4 1
4 1
4 1
5 1
5 1
5 2
6 2
6 2
6 2
6 2
5 2
5 2
5 2
5 2
5 3
5 3
5 3
4 3
4 3
4 3
4 3
4 3
4 3
4 3
3 3
3 2
3 3
2 3
2 2
2 2
2 3
2 3
2 3
2 3
2 3
2 3
2 3
3 3
3 3
3 3
2 3
2 3
2 3
1 3
1 3
1 3
1 2
1 2
1 2
1 2
1 2
1 2
1 2
1 2
1 2
1 2
1 3
1 3
1 2
1 2
1 2
1 2
0 2
1 2
1 2
1 2
1 2
1 1
1 1
1 1
1 1
1 1
1 1
1 1
1 1
1 1
1 1
1 1
1 1
1 1
1 1
1 1
1 1
1 1
1 1
1 1
1 1
1 1
1 1
2 1
2 1
2 1
2 1
2 1
2 1
2 1
2 1
2 1
1 1
1 1
2 1
1 2
2 2
2 2
3 2
4 2
4 2
5 3
4 3
4 3
5 3
5 3
6 3
7 3
8 3
7 3
7 2
8 2
9 2
9 2
10 2
13 3
13 3
12 4
11 4
11 4
11 5
10 5
10 5
10 5
11 5
11 5
12 6
12 6
13 6
14 6
12 7
12 7
13 8
15 8
16 9
19 9
19 8
17 8
21 7
26 8
31 8
36 7
50 8
64 8
60 9
64 10
68 11
72 12
68 13
66 12
74 13
64 14
54 15
50 17
51 20
51 21
53 21
62 25
64 29
74 36
80 44
83 59
87 76
91 79
100 84
85 91
87 87
88 89
87 87
86 91
87 84
93 72
76 74
63 71
52 72
44 74
37 82
37 84
35 92
37 93
40 93
44 93
48 94
51 100
66 86
61 87
54 85
44 82
33 79
21 79
5 81
4 67
4 58
5 50
5 44
5 39
6 39
6 38
6 39
5 41
4 44
4 46
3 48
3 56
6 53
7 48
12 45
