28
5
17
23
26
30
35
46
9
30
42
48
54
62
83
16
49
66
70
78
85
100
21
60
77
79
84
86
92
20
55
64
65
60
72
73
18
59
60
65
52
66
54
13
11
43
46
41
41
35
6
5
20
18
18
16
14
3
9
11
11
12
13
12
2
8
10
11
11
12
11
2
8
10
9
9
9
9
1
6
7
6
6
6
6
1
3
4
4
4
4
3
0
2
2
0
2
2
2
0
1
1
1
1
2
0
0
1
1
1
1
1
1
0
0
1
1
1
1
1
0
0
0
1
1
1
1
0
0
0
0
0
0
1
0
0
0
0
1
1
1
0
0
1
1
1
1
1
0
1
1
1
1
1
2
0
1
1
1
2
2
2
0
2
2
2
3
3
3
0
2
3
3
3
4
4
1
3
4
4
4
5
5
1
4
4
5
5
6
5
1
4
5
4
5
5
5
1
3
4
4
5
5
5
1
3
5
3
4
4
3
0
2
2
2
0
1
1
0
0
0
0
0
0
0
0
0
0
0
0
0
0
0
0
0
0
0
0
0
0
0
0
0
0
0
0
0
0
0
0
0
1
1
0
1
1
1
1
1
1
0
1
2
2
2
2
0
0
1
2
2
3
3
0
2
3
1
3
4
3
0
1
4
3
4
5
4
0
1
5
4
5
6
6
1
4
6
6
6
6
8
1
5
7
7
7
8
7
1
6
8
8
16
2
1
2
13
2
9
10
11
6
1
7
8
8
9
13
2
3
6
7
6
6
7
5
1
5
5
5
5
6
4
1
4
4
4
5
5
4
0
3
4
5
5
6
3
0
4
4
4
4
4
3
0
3
4
4
4
5
3
0
3
4
4
4
5
4
0
3
4
4
4
5
4
0
3
4
4
4
5
4
0
3
4
4
4
4
3
0
3
4
3
4
5
4
0
2
0
3
3
5
2
0
1
0
4
4
2
2
1
2
3
3
3
3
2
0
2
2
2
2
2
2
0
2
2
2
2
2
1
0
1
2
2
2
3
1
0
2
3
4
4
5
9
1
5
6
4
6
7
4
4
7
17
12
11
8
7
10
9
7
9
9
7
6
5
10
9
8
8
5
4
2
5
6
5
6
4
2
1
3
5
4
3
3
2
1
2
3
2
2
2
1
0
2
2
3
3
2
1
1
2
2
2
2
1
1
1
1
2
1
1
1
1
0
1
1
1
1
1
0
0
1
1
1
1
1
0
0
0
0
0
0
0
0
0
0
0
0
0
0
0
0
0
0
0
0
0
0
0
0
0
0
0
0
0
0
0
0
0
0
0
0
0
0
0
0
0
0
0
0
0
0
0
0
0
0
0
0
0
0
0
0
0
0
0
0
0
0
0
0
0
0
0
0
0
0
0
0
0
0
0
0
0
0
0
0
0
0
0
0
0
0
0
0
0
0
0
0
0
0
0
0
0
0
0
0
0
0
0
0
0
0
0
0
0
0
0
0
0
0
0
0
0
0
0
0
0
0
0
0
0
0
0
0
0
0
0
0
1
0
0
0
0
0
0
0
0
0
0
1
0
0
1
0
0
0
0
0
0
0
0
0
0
0
0
0
0
0
0
0
0
0
0
0
0
0
0
0
0
0
0
0
0
0
0
0
0
0
0
0
0
0
0
0
0
0
0
0
0
0
0
0
0
0
0
0
0
0
0
0
0
0
0
0
0
0
0
0
0
0
